0.55696 0.021318 -0.55326 -0.042551 -0.34135 0.017542 -0.038763 -0.064327 0.030849 0.009872 0.17417 0.071161 1.2143 0.087916 -0.598 -0.018406 -0.015037 -0.027607 -0.04015 0.030255 0.018656 -0.02231 0.60156 -1.2744 -1.2509 -0.42804 -0.34612 -0.42714 -0.35959 1.767 0.76067 -0.20054 -0.50605 -0.087239 0.91976 0.88686 -0.25732 -0.32499 -0.52749 -0.26998 -0.4078 -0.63579
-0.49076 0.035047 -1.1737 0.47909 -0.21166 0.039973 -0.063955 0.063662 -0.10504 -0.11265 0.40966 0.38741 0.63563 -0.023049 -0.13066 -0.030737 -0.095021 -0.0086148 0.053507 0.091052 -0.057574 -0.085073 1.2761 -0.49234 -0.39207 -0.12188 -0.19251 0.093546 -0.0075861 0.40234 -0.052826 -0.44505 -0.58418 -1.9462 0.20794 -0.55788 0.067663 -0.25839 0.13617 0.07151 0.16559 -0.13902
-0.23528 0.013992 -0.99335 0.48134 -0.25138 0.0061948 0.10784 0.11271 -0.080556 0.066379 0.30508 0.42936 1.0593 -0.026047 -0.70191 -0.02581 0.1105 -0.11712 0.053869 0.14655 0.1048 0.019668 0.92917 0.020029 0.40087 -0.21911 -0.088305 -0.029738 -0.013237 0.62412 -0.52575 -0.46133 0.43727 -0.25395 0.73389 -0.9527 -0.36767 -0.66652 0.089057 0.1279 0.0038093 -0.1203
-0.55001 -0.063103 -0.13406 0.53351 0.073155 0.028957 0.0026846 0.055306 0.048184 -0.025359 0.45725 0.21888 -0.1443 -0.065685 -0.81945 -0.050929 0.080968 -0.0034736 0.073599 0.011727 -0.10338 0.11022 1.1757 0.10038 -0.19234 -0.14943 0.049782 0.22461 0.049186 0.13452 0.72122 0.52546 -0.58656 -0.81231 -0.074314 0.44023 1.1523 0.74379 0.11403 0.19092 0.1537 0.13044
-0.56332 0.12982 -0.69892 0.43595 -0.11559 -0.1023 -0.026455 -0.11657 0.10039 -0.038013 0.34894 0.043392 0.25711 0.020249 -1.1196 0.11155 0.071149 -0.19234 -0.20693 0.12446 -0.060618 0.056719 1.1941 -0.085534 -0.52083 -0.3602 -0.059801 0.19899 0.12265 -0.0042461 0.66026 0.18572 -0.57385 -0.624 -0.21937 0.54198 0.40991 0.4485 -0.015044 -0.041495 0.13853 0.080136
-0.63305 0.015084 -0.9518 0.62074 -0.13044 0.082121 0.0258 -0.0013673 -0.041192 -0.084446 0.30406 0.11556 1.087 -0.063206 -0.82411 0.011705 -0.031802 -0.15415 0.08313 0.017998 -0.016987 0.094939 1.155 0.73819 1.2167 -0.13943 0.27332 0.27398 0.15804 -0.1849 -1.502 -0.41058 0.49412 0.2613 0.36026 -1.8381 0.2702 -0.30866 0.54762 0.34672 0.30883 0.22386
-0.39638 0.076157 0.33642 0.45578 0.089496 -0.085139 -0.10683 0.034782 0.10403 0.061454 0.22432 -0.0075805 -0.11559 -0.078306 -0.32141 0.0033633 0.035759 0.012544 -0.062737 -0.043756 -0.053796 -0.093016 0.57102 0.7103 0.39205 0.060501 0.21246 0.090768 -0.036176 -0.40567 -0.21991 0.44332 0.012015 -0.060281 -0.23153 -0.055797 1.1616 0.54608 0.14405 0.22141 0.13108 0.16976
0.48608 -0.012047 -0.81457 0.58632 -0.4008 -0.051693 6.6936e-05 0.097196 -0.11415 0.02026 0.47781 0.39392 1.5957 0.0010023 -0.38196 0.044933 -0.030353 -0.08046 -0.13456 0.014996 0.086814 0.01692 1.4959 -1.2451 -0.9816 -0.27107 -0.29698 -0.4453 -0.50058 2.2673 0.73132 -0.2722 -1.1823 -1.6037 1.5928 -0.05773 0.28775 -0.094375 -0.21097 -0.2339 -0.6078 -0.77174
-0.20883 0.02351 -0.13214 0.10719 0.14383 -0.032112 -0.099333 0.025239 0.023901 0.038454 0.23242 0.13145 -0.048606 0.043775 -0.29359 0.1179 0.035555 0.053381 -0.073623 0.054485 0.075133 -0.073855 0.62807 -0.045925 -0.64934 -0.28749 -0.099701 0.035195 -0.076891 0.10116 0.98512 0.2546 -0.59743 -0.75887 -0.02744 0.99102 0.45306 0.41845 -0.26898 -0.013862 -0.024437 -0.089316
-0.58189 -0.039499 -0.41223 0.84906 0.28568 -0.019383 -0.064496 0.014347 0.078219 -0.099058 0.51457 0.26184 -0.090217 -0.050412 -1.7289 0.10898 0.0045154 -0.14278 -0.16722 0.13299 -0.085192 0.10615 1.5194 -0.023345 -0.41093 -0.29385 0.17322 0.33655 0.23798 0.066551 0.85224 0.5023 -0.44918 -0.66649 -0.1709 0.51482 1.5963 0.77552 0.074951 0.21724 0.2813 0.078344
-0.040814 0.092621 -0.56659 -0.18139 -0.25828 0.097457 0.0067044 -0.0248 -0.10939 0.0013759 -0.013787 0.1805 0.55267 -0.079921 0.65482 -0.02915 -0.074255 0.12991 -0.025453 0.0050005 -0.047661 0.032966 0.1437 -0.35293 -0.47598 -0.11148 -0.3196 -0.43105 -0.14979 0.099593 0.37742 -0.59081 -0.90691 -1.5085 0.1925 -0.014559 -0.53099 -0.52215 -0.28553 -0.28456 -0.32297 -0.2996
-0.13479 0.076202 0.28145 0.068245 0.27592 -0.11628 -0.12013 0.11511 0.11805 0.082277 0.12987 -0.29928 0.0876 -0.034743 -0.77482 0.0070946 -0.024581 -0.12304 -0.13106 0.071576 0.030701 0.005158 0.41175 0.25227 0.49243 -0.27901 0.14996 0.2331 -0.054219 -0.39601 -0.87167 0.35571 0.27247 1.5744 -0.075271 -0.18187 0.51314 0.44134 0.34737 0.1055 0.16589 0.2258
-0.90273 -0.11872 0.19469 -0.50971 -0.17261 -0.049817 0.067553 0.0032902 -0.060992 -0.10392 -0.19901 -0.1393 -0.31595 -0.078995 0.77129 0.081936 -0.11408 0.083656 0.12016 0.0044352 -0.10505 -0.010449 -0.9437 1.1168 1.5578 0.28702 0.21153 -0.3428 -0.22462 -1.8863 -1.4322 -0.59633 0.10461 0.95599 -0.47606 -1.6499 -0.76002 -0.35969 0.25428 0.21373 -0.20937 -0.13738
-0.076123 -0.047747 -1.0329 0.53371 -0.20999 0.10712 -0.042899 -0.065413 -0.12413 0.054494 0.37687 0.33679 1.1284 -0.020259 0.33645 0.02375 0.11223 -0.11042 0.082343 0.086164 0.035715 -0.082311 0.90942 0.088977 0.36332 -0.0026915 -0.3089 -0.20605 -0.12373 0.42083 -0.087996 -0.72043 0.10699 -1.4669 0.43684 -0.85121 -0.13782 -0.71027 0.011538 -0.115 -0.17064 -0.28218
-0.77323 0.13578 -0.92962 0.64603 -0.24201 -0.019579 -0.0086077 -0.051807 0.017742 -0.024581 0.41092 0.21982 0.46072 -0.059661 -0.87822 -0.036068 0.062027 0.038071 -0.088286 0.066517 0.10959 -0.012252 0.96782 -0.61734 -0.38092 -0.15392 0.02125 0.025708 -0.10224 0.36548 -0.056109 -0.1721 -0.27811 -1.1461 -0.066083 -0.35664 0.10529 -0.03301 -0.042137 -0.090735 -0.12524 -0.19632
-0.85718 -0.060628 -1.096 0.73087 -0.35964 0.026758 0.086072 0.0079019 -0.0037062 -0.083968 0.46155 0.20936 0.79886 0.038272 -0.60404 -0.013029 -0.075643 -0.014942 0.086799 0.075515 0.11793 -0.029838 1.3377 -0.36512 -0.095667 -0.14154 0.03065 -0.035438 -0.24534 0.16185 -0.26333 -0.61023 -0.18578 -1.5903 -0.23494 -0.87004 0.47692 -0.35409 0.031626 0.068745 -0.064254 -0.26227
-0.59877 -0.07309 -0.13243 0.69729 0.20038 -0.0044949 -0.10399 -0.06482 -0.10806 -0.036297 0.26167 0.032171 0.010402 -0.081937 -1.3113 -0.009879 -0.039153 -0.016673 0.011245 0.14807 0.10953 -0.056747 1.1696 0.20454 -0.21491 -0.28704 0.049717 0.30761 0.090529 0.10615 0.54095 0.40182 -0.19219 0.22892 -0.24898 0.46873 1.2571 0.70176 0.096956 0.24009 0.0051342 0.028248
-0.064238 -0.040376 0.4429 -0.33651 0.172 0.10322 0.057985 0.096082 -0.046671 0.11387 -0.16127 -0.16345 -0.33967 0.020928 0.090182 -0.019659 0.055375 0.039743 0.061186 0.063543 0.094493 -0.10537 -0.083476 0.14864 -0.21522 -0.13184 -0.055044 0.074139 -0.00272 -0.34514 0.54362 0.44593 -0.64715 0.20283 -0.45932 0.81933 0.5873 0.61651 -0.21839 -0.086776 -0.076191 0.002123
-0.095823 -0.068831 -0.27357 -0.38695 -0.22561 -0.059203 -0.117 0.034513 -0.052507 -0.014865 -0.15312 -0.10556 0.65676 0.019718 0.50588 -0.013363 0.085125 0.17571 -0.023332 -0.0016072 -0.046196 0.01237 -0.26172 0.30175 0.39726 -0.010536 -0.2842 -0.54667 -0.40173 -0.10612 -0.15814 -0.62821 -0.28602 -0.16193 0.38562 -0.40506 -0.83721 -0.53562 -0.21383 -0.15731 -0.39845 -0.39516
-0.17549 0.16793 -1.2671 0.39139 -0.43182 0.053068 0.11316 -0.073965 -0.025058 -0.086817 0.19107 0.37195 1.0633 -0.012538 -1.8016 0.0064715 -0.0045512 -0.14197 -0.059903 0.070362 0.001723 -0.091695 0.88377 -1.1556 -0.83801 -0.48773 -0.30042 -0.14102 -0.060513 1.4077 -0.045686 -0.41555 -0.070594 0.10993 0.78054 -0.063999 -0.6818 -1.0152 -0.076805 -0.21782 -0.25441 -0.33463
-0.2316 -0.05942 -0.5027 -0.16629 -0.17178 -0.044702 0.069464 0.0089642 -0.047608 -0.11638 -0.088077 -0.096923 0.29132 0.093122 -1.4873 0.015166 -0.072305 0.010701 -0.084319 0.023548 -0.09313 -0.0092837 0.13704 -0.48501 -0.34318 -0.50357 0.011941 -0.053709 -0.24497 -0.060613 -0.12379 -0.08418 -0.1479 1.2617 -0.14594 0.61368 -0.59812 -0.21119 -0.11663 -0.15365 -0.1109 -0.022736
-0.40215 0.011642 -0.93865 -0.28304 -0.42437 -0.10458 -0.097996 -0.11041 0.062988 -0.07083 0.026876 -0.086761 0.5369 -0.03371 -0.97235 -0.12738 -0.036388 -0.12734 -0.056443 -0.074382 0.053274 -0.028 -0.01217 -0.36935 -0.25435 -0.33815 -0.21398 -0.17133 -0.22341 0.32448 -0.19749 -0.39547 -0.33774 0.76619 0.33703 -0.23311 -1.3124 -0.80899 -0.246 -0.15982 -0.19224 -0.31943
-0.62889 0.050991 0.40672 -0.40667 0.10031 0.11136 -0.10227 0.077258 -0.051129 -0.077701 -0.32189 -0.35092 -0.82885 -0.060665 0.92359 0.047879 -0.02798 0.056826 0.039451 -0.097735 0.016156 0.053231 -0.88123 1.1527 1.5275 0.17458 0.12064 0.088979 0.075608 -1.9292 -1.2081 -0.24754 0.26927 0.48403 -0.88084 -1.1296 -0.17352 -0.055134 0.26174 0.095248 0.2419 0.17619
-0.316 -0.066406 -0.57269 0.37353 -0.26898 -0.089171 0.10409 0.022027 0.10326 -0.075811 0.11805 0.13377 0.48245 0.095364 -1.0729 -0.025424 0.014019 -0.057291 0.017191 0.074489 -0.11884 -0.011988 0.60394 -0.24863 -0.25009 -0.22969 -0.047616 0.068561 -0.10709 0.36302 -0.22961 -0.11726 0.023128 0.55855 0.10261 -0.0017933 0.056948 -0.028978 -0.023512 -0.081809 0.00096148 -0.033807
0.1178 0.0081718 0.68815 -0.47025 0.16542 -0.073008 0.11446 0.076775 -0.10769 -0.012401 -0.1731 -0.26026 -0.38514 -0.080333 0.81985 0.066713 0.018351 0.16296 -0.07626 -0.18387 -0.1177 -0.0057905 -0.33457 0.28413 -0.25942 0.11313 -0.20608 -0.019688 -0.055278 -0.28663 0.96569 0.034669 -0.78347 -0.55226 -0.39037 1.1759 0.36311 0.24446 -0.4115 -0.22482 -0.22106 -0.10596
0.084408 0.016908 0.89675 -0.74267 0.086524 -0.10621 -0.0021292 0.06757 -0.0084879 -0.090044 -0.24155 -0.20332 -0.11474 0.095987 0.92143 0.0098427 -0.007483 0.19683 0.061541 -0.12021 -0.032836 0.093134 -0.53458 0.48341 0.4823 0.060134 -0.03652 -0.18895 -0.11005 -0.68966 -0.26487 -0.14647 -0.54437 0.14342 -0.27303 0.13243 0.25984 0.18626 -0.045229 -0.20141 0.0015571 0.085745
-0.50142 -0.04645 -0.77707 0.67583 -0.2277 0.0082459 -0.11759 0.079805 -0.08443 0.032133 0.3877 0.12722 0.85233 0.075904 0.063931 0.077812 0.11046 0.022205 0.12622 -0.043629 -0.095147 0.035862 0.91333 0.4908 0.72153 0.14901 0.048492 -0.20042 -0.19922 -0.12234 -0.3405 -0.67586 0.62236 -0.79843 0.16792 -1.0569 0.21575 -0.38093 0.28207 0.27869 -0.20068 -0.17801
0.18428 0.01257 0.87258 -0.41816 0.039317 0.010928 0.10707 0.031838 0.025202 0.1001 -0.20258 -0.41046 -0.076623 0.045027 -0.11045 0.063788 0.02065 0.11022 -0.044448 -0.12689 -0.070284 -0.081159 -0.55325 0.47363 0.79921 -0.013593 0.12004 -0.18554 -0.18221 -0.47827 -0.83876 0.12898 -0.11005 1.3838 -0.051228 -0.29207 0.32585 0.22772 0.1581 0.049241 -0.28209 0.020647
0.16558 0.053595 -0.80671 0.18051 -0.52041 0.10052 -0.0040921 0.019148 -0.045457 0.044005 0.12367 0.29582 0.96115 -0.0021004 -0.79685 0.040211 -0.10413 0.073097 -0.0046924 0.075427 -0.013992 0.086675 0.39199 -1.0249 -0.91007 -0.36093 -0.18127 -0.2347 -0.38159 1.4603 0.25574 -0.37127 -0.24193 -0.17046 0.75997 0.2249 -0.46133 -0.5624 -0.2826 -0.13805 -0.32858 -0.34601
0.16863 -0.12967 0.016054 -0.7673 -0.17291 -0.054412 0.094561 0.095664 -0.10695 -0.12152 -0.29006 -0.15082 0.23301 0.11284 0.24378 -0.02283 0.088383 0.12497 -0.098781 -0.064631 -0.077994 0.011853 -0.87202 0.084928 0.13819 -0.096032 -0.031107 -0.38326 -0.33633 -0.28285 -0.23258 -0.38156 -0.49041 0.66186 0.13995 0.085423 -1.0285 -0.47912 -0.10367 -0.27265 -0.4729 -0.422
-0.88445 -0.075624 0.43368 -0.41651 -0.073595 -0.11572 -0.037773 -0.016737 0.10742 -0.05644 -0.36066 -0.26232 -1.0405 0.072243 0.39387 -0.075915 0.09583 -0.083641 0.13358 0.021359 -0.096097 0.032246 -1.0739 1.1223 1.3799 0.26677 0.31807 -0.0018001 0.1332 -2.1985 -1.5257 -0.22312 0.68548 1.5047 -0.78252 -1.4878 -1.1009 -0.19456 0.31427 0.16883 0.1548 0.29763
-0.53517 -0.080222 -1.187 0.69864 -0.12963 -0.098274 0.10559 0.067603 -0.0092479 0.10576 0.51521 0.35393 0.70043 0.069501 0.10241 -0.072428 0.093883 -0.054361 0.093641 -0.080551 -0.010831 -0.0024783 1.2473 -0.36442 -0.19877 0.10447 0.026216 -0.044885 0.054619 -0.036802 0.13874 -0.52396 -0.63319 -2.1614 0.0041384 -0.70191 0.36235 -0.1653 0.066756 0.012179 0.030778 -0.10529
-0.72846 0.045756 -0.37563 0.69984 0.062617 0.051273 -0.052595 0.047704 0.097543 0.068799 0.39449 0.29152 0.46775 -0.033047 -0.13184 -0.065476 -0.086296 -0.086168 0.017575 0.10052 0.011309 -0.090032 1.0938 0.75684 1.0698 -0.04132 0.21292 0.16098 0.10563 -0.30274 -0.87535 -0.22931 0.12313 -0.49093 0.16492 -1.4046 0.68296 0.12818 0.4186 0.31822 0.21492 0.16768
-0.09871 0.03588 0.30881 -0.1978 0.13395 -0.049891 0.0080378 0.017677 0.021407 -0.02105 0.086035 -0.11923 0.45599 0.012848 1.6659 0.02785 -0.0041163 0.071224 0.083056 -0.033055 0.11585 -0.072846 -0.19265 1.1201 1.4378 0.52352 0.10183 -0.20509 -0.14467 -1.1507 -0.93752 -0.60759 -0.032487 -0.83722 0.024721 -1.5149 0.35354 -0.24359 0.4042 0.28332 0.0061058 -0.13558
-0.50736 0.02856 0.7407 -0.19709 0.30964 -0.052888 -0.061615 0.079566 0.10896 -0.023678 0.010324 -0.32605 -0.7911 -0.09401 -0.0053373 0.092967 0.012145 0.076241 -0.092768 -0.024342 0.0013837 0.11033 -0.12756 0.35298 0.11645 -0.17773 -0.065736 0.28395 0.063768 -0.96921 0.079353 0.52208 -0.62282 0.42854 -0.77619 0.63253 1.0398 1.0235 -0.077423 0.01431 0.19112 0.3149
-0.17042 0.063495 -0.52515 0.055702 -0.21501 -0.019389 -0.063812 -0.047536 -0.045533 0.022956 0.12444 0.24601 0.58523 0.1146 -0.12586 0.088609 0.0030387 -0.06545 -0.033518 -0.070394 -0.06687 -0.022845 0.565 -0.47544 -0.62245 -0.16062 -0.19148 -0.36374 -0.24782 0.51648 0.58528 -0.2118 -0.52226 -0.97917 0.19968 0.10203 0.1732 -0.16255 -0.15589 -0.19855 -0.26714 -0.33756
-0.38484 -0.016616 -1.216 0.79497 -0.18174 -0.015937 -0.093481 0.1174 -0.0040712 -0.016314 0.50868 0.49837 1.0953 -0.044431 -0.50905 0.018638 -0.048222 -0.043022 -0.050368 0.097227 -0.011033 0.060164 1.2263 -0.98343 -0.64988 -0.26282 -0.078296 -0.070599 -0.051353 1.1323 0.38215 -0.44984 -0.55214 -1.5247 0.61099 -0.58348 0.203 -0.38111 -0.015039 0.11031 -0.13299 -0.37121
-1.0874 0.043373 -1.222 1.1551 -0.046398 0.062509 0.11276 0.030725 0.028014 -0.058523 0.60493 0.31432 0.70848 -0.087449 -1.5792 0.1305 0.11166 -0.129 -0.13325 0.011304 0.033501 -0.036408 1.795 0.023627 0.3603 -0.1563 0.19964 0.25992 0.16308 0.12562 -0.65878 -0.56917 -0.30735 -1.4226 0.0165 -1.1136 0.60138 -0.081384 0.37004 0.24922 0.099588 0.026078
-0.14357 -0.0085278 -0.29498 -0.6107 -0.24581 -0.081322 0.023434 -0.081573 0.094122 0.085708 -0.18168 -0.25735 0.12647 0.013025 -1.2129 0.017581 0.060827 -0.11364 -0.030128 -0.15727 -0.0011928 -0.094803 -0.19844 -0.65399 -0.564 -0.44435 -0.2522 -0.263 -0.31693 0.032619 0.28757 -0.2218 -0.52354 1.0921 -0.02202 0.75325 -1.0907 -0.42526 -0.32528 -0.33692 -0.30031 -0.18036
0.0095329 -0.029863 -0.29055 -0.43214 -0.22947 0.087778 0.02667 0.030033 0.0057367 -0.048427 -0.13798 -0.012845 0.49285 0.094778 0.57467 -0.12141 0.019854 0.17847 0.073183 -0.09583 0.0073929 0.0794 -0.25539 0.12798 0.15576 0.11046 -0.29341 -0.54131 -0.37308 -0.0066191 0.070312 -0.55159 -0.53429 -0.72007 0.20658 -0.12167 -0.80197 -0.58759 -0.14264 -0.34145 -0.28534 -0.36388
0.010899 0.10347 0.17202 -0.43231 -0.19644 -0.052879 -0.01734 -0.081045 -0.11275 0.063404 -0.065058 -0.098426 0.20744 0.10176 0.22836 -0.07087 0.08474 0.1126 -0.12133 -0.13842 0.042374 0.10912 -0.34479 0.20933 0.13943 -0.1 -0.12442 -0.21727 -0.33985 -0.15422 0.13994 -0.022403 -0.52784 -0.049319 0.11073 0.27451 -0.097683 -0.17662 -0.18824 -0.20481 -0.31078 -0.18906
-0.29527 0.11942 -0.32867 0.010677 -0.24803 -0.10235 -0.046753 0.051604 0.093514 -0.051381 0.18284 0.1327 0.21853 0.011509 -0.43114 0.11772 -0.11906 0.020101 -0.015943 -0.036169 0.049479 0.059193 0.50663 -0.18215 -0.6061 -0.15665 -0.16617 -0.15039 0.048078 0.32802 0.5297 -0.017111 -0.58531 -0.50397 -0.097943 0.46095 0.012178 0.14486 -0.14022 -0.30719 -0.0056335 -0.2038
0.24892 -0.0036776 0.46192 -0.55232 0.096589 0.034587 -0.10011 -0.0033403 -0.11525 -0.063153 -0.30566 -0.191 -0.287 -0.011081 0.26573 -0.051368 -0.034152 0.044818 -0.045826 -0.077629 0.074872 0.071912 -0.49395 -0.2487 -0.68475 -0.065976 -0.29918 -0.10439 -0.1751 0.037599 1.1771 0.081372 -0.77234 -0.18306 -0.42813 1.644 -0.00015775 0.22898 -0.3994 -0.41632 -0.11935 -0.11571
-0.31879 -0.064172 -0.36711 -0.35457 -0.18331 -0.020496 -0.071035 -0.053158 0.08194 -0.10667 -0.13087 -0.048905 0.72751 -0.10311 -0.21693 -0.016869 0.017718 -0.094276 -0.14493 -0.081979 0.099479 -0.038397 -0.1307 0.39196 0.80834 -0.027635 -0.10238 -0.22688 -0.32981 -0.3985 -0.69358 -0.53964 0.022705 0.60972 0.30447 -0.63287 -0.57017 -0.53547 0.072166 -0.050481 -0.26771 -0.14977
0.20801 -0.058759 0.4918 -0.68366 -0.15845 -0.053602 -0.062796 0.10791 0.019467 0.10595 -0.19273 -0.33491 0.2187 -0.0054615 0.75356 0.013228 -0.07756 0.18426 0.032529 -0.045008 0.022773 0.045399 -0.86561 0.48749 0.98634 0.26018 0.11064 -0.19902 -0.15785 -0.67532 -1.2174 -0.28011 0.071397 0.87596 0.18085 -0.7179 -0.81686 -0.33853 -0.0037676 -0.064095 -0.19347 -0.084656
0.73083 -0.10487 1.1677 -0.83087 0.085322 -0.016409 -0.01803 -0.0066911 0.039519 0.0035474 -0.37332 -0.4069 -0.097091 -0.096822 1.3399 -0.12804 -0.031475 0.24185 0.077008 0.052778 0.037575 0.020507 -1.0698 0.75733 0.58201 0.15303 0.10962 -0.34434 -0.18607 -0.37522 0.29647 0.065203 0.14726 0.38599 -0.1221 0.76742 0.1158 0.10544 -0.080353 -0.12024 -0.40849 -0.1659
-0.065462 0.030479 -0.07806 0.1986 -0.16802 -0.11137 0.026761 0.0089575 -0.020322 0.07697 0.12009 -0.033082 0.34002 0.038479 -0.45451 0.10035 -0.082063 -0.0033937 0.058351 0.090667 -0.075043 -0.0063099 0.52967 -0.24971 -0.75365 -0.084753 -0.14003 0.019475 -0.073775 0.56159 1.0476 0.19761 -0.40805 -0.6712 0.23609 1.116 0.52677 0.12821 -0.18558 -0.16395 -0.18457 -0.07993
-0.22172 -0.062487 0.2553 -0.16053 -0.19988 -0.044089 0.095848 0.099167 0.021159 0.11789 0.20577 -0.01968 0.24046 0.099208 0.49258 -0.066268 -0.076198 0.011223 -0.016563 -0.11429 0.11656 0.018813 0.31897 0.44782 0.25382 -0.10223 -0.071805 -0.16747 -0.23637 0.00013434 0.2577 0.073574 -0.37748 -0.2677 0.04845 -0.065954 0.50293 0.22332 -0.00042778 -0.14253 -0.098982 -0.075429
-0.63993 -0.016373 -0.65003 0.62118 -0.073206 0.074449 0.076741 -0.032544 -0.00101 -0.081173 0.40188 0.24203 0.60807 0.033811 -1.63 0.010867 0.065811 -0.19769 -0.074906 0.099198 -0.01215 0.067819 1.3078 -0.15547 0.088645 -0.43461 0.2064 0.48598 0.061148 0.35434 -0.49316 0.25874 0.20235 0.94257 0.11218 -0.54216 0.55453 0.10755 0.16717 0.2401 0.16619 0.25999
-0.50677 -0.079537 -0.11007 0.62389 -0.14362 -0.11267 -0.082293 0.061585 -0.10689 -0.059893 0.53775 0.23858 0.40572 -0.054418 0.1751 0.035299 -0.035143 -0.13028 0.15151 0.16323 -0.00687 0.010182 1.2514 0.6349 0.83355 0.055656 0.2298 -0.051502 0.066407 0.02118 -0.16735 0.030439 -0.042378 -0.81931 0.32959 -1.0242 1.0099 0.31458 0.21315 0.1261 -0.018303 -0.14617
